# Created by Octave 4.4.1, Tue Mar 05 14:41:00 2019 PST <petersson1@chebyshev.llnl.gov>
# name: pc250
# type: matrix
# rows: 250
# columns: 1
 0.015362918008019652
 -0.01466594500322433
 -0.048302142863791489
 0.056756373726171733
 -0.0068469504763594919
 -0.043417079770178099
 0.054195310397206993
 -0.01663147980146475
 -0.035442303755050787
 0.049966802480225281
 -0.021284518165919312
 -0.026352893135857768
 0.044458886336642786
 -0.023975716851061969
 -0.016914085412529485
 0.038205803685456362
 -0.027261256361471409
 -0.0048221840646516748
 0.028693306054411775
 -0.029083456468280647
 0.0099581429605139667
 0.012294060779298512
 -0.024141856858957689
 0.021890604383114902
 -0.0088587460669190855
 -0.0087445838879134756
 0.024305763893828488
 -0.02595455534579575
 0.012903566927217216
 0.013385989670440447
 -0.033960247488366069
 0.031224039734602145
 -0.009309587052718964
 -0.033783716358767042
 0.042038595238236373
 -0.031521207244592793
 -0.025957339507823664
 0.047250045607587374
 -0.044209115512607318
 -0.0060890880502500301
 0.048135326908648621
 -0.053354779135395367
 0.026422681617052239
 0.044303514262635638
 -0.058761416858554995
 0.044281368229932658
 0.037027349452251966
 -0.060040021908399743
 0.046690782978422121
 0.028677613565524555
 -0.059131108857355966
 0.050656451903233569
 0.0094841039762806993
 -0.05606584542747145
 0.052379591686383759
 -0.0088121140308013192
 -0.052261915044632713
 0.051375831073748456
 -0.017265893215980023
 -0.04923976274005424
 0.049806521514995782
 -0.021343949501694239
 -0.044461904635663574
 0.048524045896908119
 -0.02439693764807738
 -0.036783566470413795
 0.046815297724515793
 -0.02589296765241798
 -0.027295580765829532
 0.043009050799194766
 -0.024356607414986881
 -0.018770344047533624
 0.035899004403732913
 -0.019440226089011445
 -0.013973663685296697
 0.028073076835214008
 -0.012617240788720729
 -0.013538241138078548
 0.022741030640394216
 -0.0053427517474785276
 -0.016667667888267772
 0.020362993855728564
 0.0026961087877225781
 -0.022812757047357704
 0.020912282935651005
 0.011791254316495104
 -0.03158349691894885
 0.025468301115667374
 0.020211422499589064
 -0.041065738550182876
 0.031173502004448808
 0.025731704184038518
 -0.047961846795000096
 0.036805648038558215
 0.027755864414536258
 -0.052366801661091991
 0.045263552263442447
 0.021167441988639804
 -0.054107424870085886
 0.049000447814996177
 0.0072683016666436071
 -0.052145577690243375
 0.049946196001840283
 -0.0018648189700116425
 -0.04923863631170438
 0.049547834301057754
 -0.0075277249629477766
 -0.049900017632589902
 0.048064617951029349
 -0.012107888154145756
 -0.048712583547481758
 0.047100838674676071
 -0.015461001534844443
 -0.043101960526801479
 0.045632565769420867
 -0.016004356146928526
 -0.035573510618271936
 0.041810657311744756
 -0.011838783724341403
 -0.032048774472337227
 0.037132805399054544
 -0.0034553789964942728
 -0.035314326114850171
 0.036831987540877402
 0.00410994824091748
 -0.041056488654540715
 0.042119658040667196
 0.0067441610173469323
 -0.044158812038893991
 0.048192723500973603
 0.0052486120536717664
 -0.044877717437847013
 0.051039366616725805
 0.0018349024004351037
 -0.045560651658734214
 0.051074422447586913
 -0.0027978780010142466
 -0.047166243921834779
 0.051930230668124105
 -0.010535099580195127
 -0.047810950799580421
 0.055125035911626707
 -0.023707838281872059
 -0.045695210649710105
 0.055102108190191741
 -0.033600158733669075
 -0.039142550893542224
 0.052446139466035845
 -0.033084851620906311
 -0.030944201031543078
 0.047595518341795061
 -0.03059113775069134
 -0.025093330519732643
 0.040966782471620458
 -0.024951608960481205
 -0.018187904771518906
 0.031703679791814106
 -0.016267472884783737
 -0.015460102293302348
 0.024209662953270483
 -0.0073470090482993322
 -0.017118919330446167
 0.019465949065127185
 0.00090568201162614568
 -0.022005144173954157
 0.017932616450998449
 0.0085899715848602731
 -0.029790702624415188
 0.02067247647231156
 0.014517977821151537
 -0.038165682884559217
 0.027475375229525156
 0.016899420604991267
 -0.043464829384416849
 0.035733203381345918
 0.015632685930185478
 -0.045655620408190697
 0.042636615932491725
 0.012162201414774422
 -0.047136366106780264
 0.047755517934011615
 0.0077434022471567204
 -0.048483627543073941
 0.051382831987227942
 0.00095146251458351591
 -0.049080890643255951
 0.054238536319685782
 -0.012382021002042266
 -0.048328835034740961
 0.057304244703787137
 -0.029488528390788304
 -0.04592171176199903
 0.059150339829276311
 -0.037477113231238576
 -0.04395355321420804
 0.059195804946121609
 -0.042892485530177417
 -0.035474881547442591
 0.056892111087974984
 -0.048786071551086913
 -0.0075406390178111354
 0.050562696199311835
 -0.050680086745174303
 0.01732584310244225
 0.042123347622326016
 -0.048316971500820323
 0.030470669937959639
 0.027086210414998386
 -0.041114578168667475
 0.035471676404233148
 0.0015233408161019538
 -0.027800460921763331
 0.033196000027961567
 -0.019648678885079561
 -0.0079516476482587792
 0.022763052490095484
 -0.026082009781574472
 0.012826600048923347
 0.0042986338276375848
 -0.019622468411152959
 0.0249646286721187
 -0.016018747716936715
 -0.0054737222271776008
 0.026802875263481886
 -0.030525464037623119
 0.0096116566614898574
 0.023651178103082406
 -0.039252900714887386
 0.021858426218277098
 0.019839363407817251
 -0.045877357938502748
 0.032639157903507465
 0.014894676777682657
 -0.05109568042186842
 0.04254333299124561
 0.0055338181524714619
 -0.053649855866500853
 0.048443528532979542
 -0.004960513632224898
 -0.050034743842358273
 0.040344750261244643
 -0.0045086922694525218
 -0.016737638576396638
 0.012174291304798185
 -0.0071883199889787031
 0.0023421172019038247
 0.0031853286138770844
 -0.0037809343028635972
 -0.00051692402412259681
 0.00013879608702710891


