# Created by Octave 4.4.1, Tue Mar 05 13:25:42 2019 PST <petersson1@chebyshev.llnl.gov>
# name: pc200
# type: matrix
# rows: 200
# columns: 1
 0.031672429517264851
 -0.06576064319325256
 -0.035049997558693674
 0.058343962567692198
 -0.065345317234521666
 0.066933661375984582
 -0.065817100481665905
 0.05460394630164344
 -0.018386793506047591
 -0.018366690830378105
 0.041664181126320747
 -0.052431569684347618
 0.055086371007672864
 -0.051527449127820472
 0.042445374891982364
 -0.030447216826990555
 0.018532560829667415
 -0.0080841552666352182
 -0.00036505472359507396
 0.0075666643607281226
 -0.015541164710041629
 0.027730449591956856
 -0.038005753893344367
 0.043346163570178758
 -0.049629581389561417
 0.053514374567816818
 -0.055047280425493186
 0.05186410799867696
 -0.039145790544972595
 -0.0058305858919458706
 0.046601553844975989
 -0.063670878334436826
 0.070324342822565777
 -0.072733297739509248
 0.071625695975701884
 -0.066471097102276722
 0.046508551428181444
 0.027302617775418241
 -0.062649085083761838
 0.070756051180763627
 -0.073194031665856613
 0.071760319410002396
 -0.06518915153131849
 0.037370093337262759
 0.037925153010166482
 -0.060473957778092148
 0.067582129621538742
 -0.068175915815942442
 0.06377783895111569
 -0.049462741938364967
 0.010235825824675138
 0.038426157819614205
 -0.053192051659568321
 0.056721310360157678
 -0.054592714179044308
 0.045952271875766983
 -0.021237263231888064
 -0.007964398980261413
 0.02685801073337531
 -0.034444433296781637
 0.03142943661294767
 -0.017463177680604604
 -0.0026631194615528769
 0.021720042057170222
 -0.032379490411119802
 0.033094988133875181
 -0.014141778707358717
 -0.021481990805508919
 0.047838298743427619
 -0.058587951890968583
 0.061612362665126111
 -0.058574196416023197
 0.045624417394744148
 -0.0002317876879600922
 -0.052785476258340645
 0.06616370677821011
 -0.07030272506756402
 0.06925395431051555
 -0.063948854794748405
 0.039862747682582106
 0.03014042590195332
 -0.060904098674098447
 0.068237613064779101
 -0.06838881148222499
 0.063145127835042392
 -0.045242101160235131
 -0.0062121594301943464
 0.058087759660752802
 -0.063560992657114276
 0.066265409758980848
 -0.062635596436318261
 0.048927625742806652
 -0.010525593725446951
 -0.039046323728143775
 0.05626707865956955
 -0.059793690282056944
 0.058147534006240398
 -0.049134869104589043
 0.01169183166461577
 0.036237848994147746
 -0.057201446618587601
 0.063535880833657354
 -0.062661234911641259
 0.057646237188396128
 -0.012868412958204725
 -0.038204423932088345
 0.059365916030085099
 -0.065711276300806434
 0.065867696864657099
 -0.058718134712117731
 0.025390637047967502
 0.038931431171560602
 -0.061755133053521177
 0.068366492665293821
 -0.068624628113695949
 0.063304536019138768
 -0.046628159192147085
 -0.0075993248227109048
 0.048566698129273493
 -0.058965988257543518
 0.061064706465383686
 -0.056819015099739321
 0.0423478641936125
 -0.010224054034468452
 -0.027022874956002568
 0.044166743161302827
 -0.04270190256812071
 0.031341585320303386
 -0.0078653113472963426
 -0.019666105064632289
 0.039343094182878832
 -0.045520989849364195
 0.040754064349587386
 -0.02297991961860063
 -0.011873708179201709
 0.045871715491255016
 -0.057765274455610235
 0.062180315437323719
 -0.060745038919207364
 0.051215132355689273
 -0.01669712023472205
 -0.043584060976977375
 0.064136774436561614
 -0.06987842194599618
 0.070390526999511108
 -0.06622444753989469
 0.0511354775979364
 0.019154149750188951
 -0.060144228963427984
 0.07011063966598706
 -0.072584699836858849
 0.071074282894195456
 -0.064672182141252685
 0.041023655215709283
 0.033640659965575997
 -0.060631867401043357
 0.067585878733293955
 -0.0693178610214574
 0.06670966411806814
 -0.059759837637473841
 0.041428939856318389
 -0.0048871669597762776
 -0.04038678939918728
 0.051669930961272925
 -0.054438839303017912
 0.053131867108369334
 -0.04943197378224215
 0.044256560288660568
 -0.039167368644973173
 0.037767140385910954
 -0.026604806014653475
 0.01469947965980766
 -0.0025687188392781186
 -0.010768676370613467
 0.026438964353088394
 -0.042558703267449351
 0.055482676310814161
 -0.062525256850175737
 0.064724381721779897
 -0.063589742996203541
 0.056842873234008981
 -0.035541812982890546
 -0.0066662748531468351
 0.051422697149055618
 -0.065584880227812906
 0.068572887531122492
 -0.068647770510439854
 0.064929547992557804
 -0.052812946388443756
 0.01616516397723685
 0.044262679013626412
 -0.062041372860628378
 0.063045639899645275
 -0.055889725525889569
 0.037157265026200731
 -0.014903912189715261
 0.0017278178801930181
 0.0037763803655806467
 -0.0057537742945943443
 0.00027899818672894277


