# Created by Octave 4.4.1, Tue Mar 05 04:43:03 2019 PST <petersson1@chebyshev.llnl.gov>
# name: p200
# type: matrix
# rows: 200
# columns: 1
 -0.0015717688998139326
 0.085147548801393774
 0.07761428006149379
 -0.08360008307082975
 0.079827713389802185
 -0.029072983354240169
 0.016625533410170635
 -0.076660910105049163
 0.079173703927046479
 -0.0071914096879312677
 -0.082645085754748909
 0.084904033382404764
 -0.082527250826984894
 -0.01878931630620358
 0.082524707825050794
 -0.083504301250131391
 0.080786442361195865
 -0.0658740627962211
 0.0052329950016791419
 0.063870619161889214
 -0.081136873060959042
 0.083704069079679297
 -0.082398788115546975
 0.0095048551560153061
 0.082514628110828811
 -0.084641816484861104
 0.081988810015190469
 0.00044600976804928653
 -0.075049318930650463
 0.067274309997867071
 -0.026930945916067463
 0.065094874014053214
 -0.082202823366877037
 0.083603313972527168
 -0.064983377387031957
 -0.083826027776109757
 0.086709607613603967
 -0.086229560355036025
 0.033832250588151175
 0.086082332999818795
 -0.087059009231006859
 0.085448027183633618
 0.054805652914831263
 -0.085513604168311483
 0.085375844017507543
 -0.07963649199074152
 -0.010845945309905835
 0.055709214762042977
 -0.03163781082176037
 0.051343470941665102
 -0.080327616975466559
 0.083052003995247953
 -0.079345495762731644
 -0.043952583476897247
 0.083000665747557156
 -0.08351828148476903
 0.079247710708430966
 -0.017739392001766875
 -0.056637199809788034
 0.070587277509597812
 -0.078292581743828624
 0.082312888222858926
 -0.082924304564403389
 0.071906663807063398
 0.081647830687913037
 -0.085929411708615441
 0.085573731178033088
 -0.070724500345790475
 -0.08351628976864478
 0.085558734937807551
 -0.082801535947210583
 -0.010968912236875086
 0.072585706303147729
 -0.017509211628594541
 -0.047211909532529212
 -0.049656043190507884
 0.083833761207419741
 -0.085008681925399732
 0.077635596915044749
 0.083715796026749154
 -0.086859724591925633
 0.086346748552513369
 -0.058881230543905969
 -0.085492808724889069
 0.08675181276429586
 -0.084812882355598335
 -0.024252894914811432
 0.083195266880705082
 -0.082688424464756646
 0.07386172917786378
 -0.045231285642826212
 0.071497337664935739
 -0.076909162441976223
 -0.0022774874043799964
 0.081784373335785032
 -0.084949139188907591
 0.08332945066447027
 0.0084580211690085273
 -0.083039651800600772
 0.084107857715000359
 -0.080213027720841726
 0.038939974344916341
 0.0042362995154402484
 -0.011949862087211308
 0.066269054527958962
 -0.081476325539287867
 0.084238468077019929
 -0.081672761880935321
 -0.075102018307003832
 0.085708746686064846
 -0.086003006229357234
 0.079903540909252002
 0.081170515017425462
 -0.08483286106660369
 0.081530486393692286
 0.0026610640665806992
 -0.032291181439729456
 -0.073498599072487417
 0.079464447346264566
 0.028752027946621052
 -0.085057902023701157
 0.086385561289775301
 -0.082640907692829099
 -0.08340603584996617
 0.086996221436985571
 -0.086508769360723783
 0.071655024754631161
 0.084771953566599778
 -0.086027140950857714
 0.083329158633680275
 -0.0071634825271194623
 -0.075923545493632477
 0.06909791831170059
 -0.035052709413801474
 0.070564863696835955
 -0.080928996803270592
 0.081228941249961301
 -0.03432657655858519
 -0.080820162382219105
 0.084209643355105154
 -0.082640802952958448
 0.051710204429307738
 0.067605598184474286
 -0.07795514804001831
 0.079024845267404484
 -0.080733975032481017
 0.081032316027813647
 -0.070840923267254718
 -0.078072195071348216
 0.084891143820463949
 -0.085299730619441572
 0.080216393401441224
 0.078847257902649931
 -0.085194173886549485
 0.084746442771296795
 -0.075868026542381603
 -0.074398733005934733
 0.079670172189123645
 -0.060172075245166566
 0.001892736091224164
 -0.064510232279758148
 0.082539906636625388
 -0.083120914356537554
 -0.0073337928403101717
 0.0851169456277166
 -0.08672084750970914
 0.084956692720399948
 0.075499236478214507
 -0.086414521874186107
 0.086677415761777593
 -0.083135486815116302
 -0.077212704277424063
 0.084788871617372433
 -0.084253189980988963
 0.079012910643565956
 -0.034602114340379256
 0.0012869450550244939
 0.039278454237817118
 -0.077700092939324283
 0.081844813049597717
 -0.081216520801346295
 0.043422087933755814
 0.076318072577802307
 -0.081167370263445546
 0.07899943792126507
 -0.071528246478364851
 0.070714649623815878
 -0.068439396906745331
 -0.030898544292465885
 0.082572554246496649
 -0.085498530839222445
 0.084143343730301273
 0.061665848573675949
 -0.08526990399269449
 0.085361208186199036
 -0.076736505109559608
 -0.061102634212618877
 0.073021128382345979
 -0.027036340231730335
 -0.0042092996157336504


