# Created by Octave 4.4.1, Wed Mar 06 04:16:11 2019 PST <petersson1@chebyshev.llnl.gov>
# name: pc300
# type: matrix
# rows: 300
# columns: 1
 0.0073014557095404838
 0.037753089643901651
 0.00023272678398173098
 -0.033971753666416547
 0.015903098491385461
 0.022579953698190096
 -0.024164411223114989
 -0.0084072867758820218
 0.024170251742831338
 -0.0036914619033262936
 -0.018199493027451514
 0.010662878658669196
 0.0097660631356977067
 -0.011840843337396207
 -0.0025427309059831375
 0.0086889214732658714
 -0.00087622512797429501
 -0.004125015143108487
 -8.1975698881560195e-05
 0.0014650927804299974
 0.0038520475115018486
 -0.0030227268825156811
 -0.0073053117880694232
 0.0088789584657421924
 0.0067895405713861946
 -0.016371117180839147
 -0.00012169765223244168
 0.021388987884703045
 -0.011784955038717584
 -0.020104910546928083
 0.024733369420001455
 0.010510091766859603
 -0.033521656040320008
 0.006034201457203665
 0.034636464239944577
 -0.024544602430071488
 -0.026392838012222246
 0.038927422300806896
 0.0092878346655778619
 -0.045519561302781737
 0.01278380414982125
 0.043140446159855891
 -0.033868908437143644
 -0.030623083607505652
 0.048654813688410736
 0.0089744998041459949
 -0.054604925775694126
 0.017181524297585498
 0.050292202646642081
 -0.041240050302986962
 -0.033755317184892691
 0.056872161058767801
 0.0070193401698961082
 -0.061028831249622745
 0.022935490491211317
 0.052533287117659602
 -0.047410539249296745
 -0.030983618972924398
 0.060002056982768504
 0.0018808421483641198
 -0.05953991006201545
 0.026025352338321966
 0.04688699304912302
 -0.045411423356960606
 -0.025166841556722937
 0.053174420440045424
 0.00075194668945092764
 -0.050133538935935348
 0.020293240602700796
 0.038711363263549903
 -0.034207293393188017
 -0.022383572523455436
 0.039893265980110587
 0.0049664058650504567
 -0.038009486553047825
 0.010015840193457888
 0.030333603619843674
 -0.019942898980340226
 -0.019500193389934476
 0.02381174913891413
 0.008656415833350653
 -0.022441788459311763
 -0.00070886972846585848
 0.018202875764633114
 -0.0030227449017189399
 -0.014097634914419803
 0.0034992345783493662
 0.012395807970353886
 -0.0031751176514810083
 -0.013569162707833078
 0.0045651524379894124
 0.016148481270933709
 -0.0091872556255998099
 -0.017547010100832632
 0.016870589196477537
 0.015531764146987679
 -0.025842464612608484
 -0.0088024324523532944
 0.033488351020366521
 -0.0031813337087656332
 -0.037214228243539024
 0.019555524131306738
 0.034740224186212948
 -0.03713118820178192
 -0.023613201793863212
 0.050935022823406201
 0.0025601095451020261
 -0.056774791778864984
 0.025256805558638261
 0.051996113264568419
 -0.051242752172548506
 -0.032522290216348608
 0.065575761664491708
 9.2211156067367575e-06
 -0.067585496187814259
 0.035213568446608064
 0.056752944724800858
 -0.060090712478550648
 -0.028908254980697289
 0.068572357348640076
 -0.0063873332269619755
 -0.065405259453164138
 0.03655752287459299
 0.048825448615307181
 -0.053966829113772492
 -0.022686441441039904
 0.05846061385270851
 -0.0038229942003477758
 -0.05273831552314874
 0.024385390792961242
 0.03920509617345088
 -0.036688614212646284
 -0.021720066317515968
 0.040855220421489508
 0.0042927388195233701
 -0.037813259159201473
 0.0098103891902424772
 0.0294359893626925
 -0.018415204901735094
 -0.018711412169628808
 0.020794169886971046
 0.0091775354510615914
 -0.01828117257565581
 -0.0037114471886864077
 0.014264080265122761
 0.0028951869109871175
 -0.012426915143777124
 -0.0045716284277134995
 0.014755444435894221
 0.0049521512998902681
 -0.020500124044729055
 -0.00073822244237008573
 0.026434712342509801
 -0.0089361060316736265
 -0.028535485716114459
 0.022054619862472365
 0.024175413321246793
 -0.035064656073390425
 -0.012803127423680801
 0.044275484374072256
 -0.0043493609998821996
 -0.046920503507822127
 0.024617359778650042
 0.041465331378224571
 -0.044218364447962712
 -0.026675103085856171
 0.058215492586257828
 0.002606555325079959
 -0.062686741703785576
 0.026944745452898825
 0.056006025687784178
 -0.05373233232039392
 -0.0351149470415697
 0.067819899818248763
 0.0018832777835836507
 -0.068451615410076314
 0.03353837813427412
 0.057100457274540717
 -0.058215811529388706
 -0.02969047727423136
 0.065709665175823564
 -0.0046743632444560985
 -0.061255858296393101
 0.033262019191098571
 0.044825199590471675
 -0.048439386427572083
 -0.020144601167328063
 0.050732485345310455
 -0.0036325198164325477
 -0.044003335988808873
 0.020312186428912082
 0.031357363205254653
 -0.028531637590929047
 -0.016860974092284649
 0.029918105468680671
 0.0043332009619755398
 -0.026688581270065844
 0.0043188224143876673
 0.020927193286796483
 -0.008799021334109881
 -0.014990137161921116
 0.0098292928237343237
 0.011006597237777815
 -0.0090875792808886718
 -0.0098742968204922534
 0.0089950399804656026
 0.010777551339913909
 -0.011594394849610314
 -0.011517203458709019
 0.017313862751614222
 0.0093114824072470029
 -0.024442172639242352
 -0.0021993051276763698
 0.029818051409549004
 -0.0095581586382770013
 -0.030392079365005539
 0.023500887476402436
 0.024265825292661851
 -0.036089645096637105
 -0.01126417322740683
 0.043962244127768647
 -0.0067797210288211935
 -0.04470026807923403
 0.026538444128957516
 0.036815202790858821
 -0.043955542592517945
 -0.01992842827170889
 0.054765231852099402
 -0.0039434129379372993
 -0.055863831382839915
 0.02996021916818532
 0.04532392220789179
 -0.051248191155457638
 -0.023000141591250717
 0.061563601315413052
 -0.0065195139623651964
 -0.059207789822079193
 0.034984837362289647
 0.044017403693731097
 -0.053917374074035095
 -0.018324007854465408
 0.059494623969195963
 -0.0107103749045151
 -0.053220093190513885
 0.034899494680424789
 0.036633396353254528
 -0.048580699154587896
 -0.013255847087696985
 0.050977403001749029
 -0.010906682622318494
 -0.044038786445948129
 0.029943184997569601
 0.029115941217849942
 -0.040085829972261587
 -0.0091603578992733546
 0.040865409570278864
 -0.010581942069464573
 -0.033279577357242469
 0.024696494344285058
 0.019054402600414418
 -0.030102117621976593
 -0.0026603707132524528
 0.027092016809916932
 -0.010251343632499584
 -0.018051735961695792
 0.016060654687751599
 0.0071162318289677432
 -0.014770566313793589
 0.00095987925891438458
 0.009310004704726314
 -0.003519899768528401
 -0.0037242552557298471
 0.0012197306106369158
 0.0014314209463568708
 0.0028723219130459801
 -0.0036927590269608223
 -0.0051800690858304467
 0.0091849149614951289
 0.003192318992075816
 -0.014820712467761907
 0.0036815360148490022
 0.017147812839405127
 -0.013772967950540149
 -0.013685374004693584
 0.02374906632608325
 0.0036288236208118657
 -0.029332167673702361
 0.010851060933359693
 0.026199808532193693
 -0.023427317972411051
 -0.013975695229568435
 0.026981610481748398
 -0.00074120119135059361
 -0.020325353166247805
 0.0094721140844807004
 0.0091520670603251666
 -0.0090817618971136167
 -0.0016758816228771805
 0.0027158576255541466
 0.00023425065786441347


