# Created by Octave 4.4.1, Tue Mar 05 17:49:58 2019 PST <petersson1@chebyshev.llnl.gov>
# name: prt
# type: matrix
# rows: 1320
# columns: 1
 0.00034848650239766021
 -0.0053613404213122178
 -0.011198693782603337
 -0.017163573581475702
 -0.023255979817929297
 -0.029475912491964133
 -0.03465531207412384
 -0.035186816817437711
 -0.030815188476629455
 -0.021540427051699035
 -0.0073625325426464952
 0.011002997893887551
 0.025611142497793934
 0.034256756698902713
 0.036939840497213883
 0.03366039389272743
 0.024425222159075728
 0.012986674438443603
 0.0025038037445211034
 -0.0070233899226916693
 -0.015594906563194764
 -0.023210746176988192
 -0.028873174559344759
 -0.029934377578805762
 -0.026251962551338544
 -0.017825929476943139
 -0.0046562783556195189
 0.012369787351944925
 0.025320576516667942
 0.032316706766037671
 0.03335817810005412
 0.028444990518717257
 0.017607809237237655
 0.005373428256363914
 -0.0050220852088350958
 -0.013578731158359395
 -0.020296509592209008
 -0.025175420510383885
 -0.027668132179205409
 -0.026525208121677683
 -0.021697902941492438
 -0.013186216638649674
 -0.00099014921314936931
 0.013949801416303042
 0.024738249998790995
 0.02998844195010093
 0.029700377270232853
 0.023874055959186756
 0.012579222203869719
 0.00066364137043748578
 -0.0089122411418636437
 -0.016148425333033636
 -0.021044911203072534
 -0.023601698751980319
 -0.02370506980050785
 -0.021131824134467618
 -0.015876064595069062
 -0.0079377911823121771
 0.0026829961038030564
 0.015050924709280437
 0.023462256145365658
 0.026950951932569644
 0.025517012070892395
 0.019160436560333921
 0.0080007078203376009
 -0.0030584576618573282
 -0.011448681597223644
 -0.017169963985761341
 -0.020222304827470422
 -0.020605704122350896
 -0.01867792180898226
 -0.015041525013521399
 -0.0097061735460757213
 -0.0026718674066452067
 0.006061393404770154
 0.0156233188502343
 0.021552145745728633
 0.023217984954863307
 0.020620836477638321
 0.013760700314053674
 0.0028188345712583558
 -0.0072473365402143889
 -0.014205851620962318
 -0.018056710670985424
 -0.018799913690283707
 -0.016435460678857174
 -0.012071264664941045
 -0.0073027769353688713
 -0.0021427158794954057
 0.0034089185026793612
 0.0093521262111554392
 0.015068344898430593
 0.017869321725471926
 0.01744293645709984
 0.013789189093314329
 0.0069080796341153975
 -0.0029648969768902838
 -0.011205908890117947
 -0.016024199789675196
 -0.017419769675562025
 -0.015392618547778439
 -0.0099427464063244278
 -0.0031893711511540163
 0.0022728707471581224
 0.0064374940405342723
 0.0093044987289744169
 0.010873884812478552
 0.011131201478543915
 0.010022882862022072
 0.0075439030064278273
 0.0036942619117611855
 -0.0015260404219778511
 -0.0079104143451746919
 -0.012398238902719443
 -0.013970642793485408
 -0.012627626017472568
 -0.0083691885746809466
 -0.0011953304651105179
 0.0061242619771153459
 0.010729648246234583
 0.012620645270905109
 0.011797253051126928
 0.0082594715869000451
 0.0028700976790472302
 -0.0016311663135350823
 -0.0050413439553275716
 -0.0073604352463302394
 -0.0085884401865430875
 -0.0087207458493893282
 -0.0077039414073146011
 -0.0055227775162634465
 -0.0021772541762358471
 0.0023326286127681832
 0.0080041647333386895
 0.012638850947449948
 0.014328339939366837
 0.013072631709089347
 0.0088717262566174859
 0.0017256235819512449
 -0.006795562984747516
 -0.012409057454149608
 -0.014872038360600689
 -0.014184505704100681
 -0.010346459484649656
 -0.003717020890835275
 0.0023692337189497896
 0.0070988312799332093
 0.010471771792114993
 0.01248805525549514
 0.013146594973639791
 0.012255523824188767
 0.0096736147385991338
 0.0054008677168708918
 -0.00056271724099596376
 -0.0082171401350014141
 -0.015916143110818969
 -0.019797396285755393
 -0.019700472359597671
 -0.015625371332345792
 -0.0075720932039997496
 0.0037004054490647146
 0.012430076120055984
 0.017422408970916306
 0.018677404001645685
 0.016195061212244125
 0.010009013984665627
 0.0027426661113231898
 -0.0039559466920365141
 -0.010086824425413489
 -0.01564996708880774
 -0.020645374682219272
 -0.024104673464406756
 -0.024074072575041978
 -0.020497793686629486
 -0.013375836799169262
 -0.002708201912661298
 0.010454523069295936
 0.01949365588100295
 0.023251834846540261
 0.02172905996590789
 0.014925331239105839
 0.0029564933722472479
 -0.0090020060159806212
 -0.018163326818652112
 -0.024527469035767194
 -0.028094432667325888
 -0.028864217713328196
 -0.02698371443187058
 -0.022707361917400151
 -0.01603967697689189
 -0.0069806596103458131
 0.0044696901822380971
 0.017148060156127742
 0.024903530288212666
 0.02683771159977873
 0.022950604090825968
 0.013242207761354338
 -0.0020499343384401125
 -0.015976778916706586
 -0.025322742319580982
 -0.030087824547063331
 -0.030272025599153603
 -0.025875345475851828
 -0.018505042903133175
 -0.010543372475085914
 -0.0020123800260327509
 0.0070879344440263319
 0.016757570935091354
 0.025986757168123313
 0.030255541273126404
 0.029019508394782362
 0.022278658533091196
 0.010032991688052897
 -0.0073208058622671462
 -0.02154529562491821
 -0.029361617582766526
 -0.030769771735812104
 -0.025769758084054961
 -0.014361576627495062
 -0.00033917980474573034
 0.011510772502258085
 0.021172556310781597
 0.028646171620824844
 0.033931618432387747
 0.036626424997537689
 0.035195510171435518
 0.029488922850828828
 0.019506663035717596
 0.0052487307261018714
 -0.012756158977246631
 -0.026287872665813589
 -0.032533270028310454
 -0.03149235106473721
 -0.02316511577509385
 -0.0075515641593804023
 0.0099344970850363395
 0.02352280260965927
 0.033211897481218465
 0.039001781699713918
 0.040892455265145643
 0.039044187881566279
 0.033980285887711091
 0.025741303847077596
 0.01432724175966581
 -0.00026190037452425956
 -0.017402027962261108
 -0.029552026129570856
 -0.034497354786571656
 -0.032238013933263518
 -0.022774003569646407
 -0.0061099503557549145
 0.01162825897937143
 0.024956521548631691
 0.033874837352025858
 0.038383206389553941
 0.038481628661215961
 0.034659275466365942
 0.028287645675300128
 0.01944860473274514
 0.0081421526387009547
 -0.0056317106068324305
 -0.021149928852250255
 -0.031434921860182818
 -0.03473449457135272
 -0.031048646985759921
 -0.020377379103404446
 -0.0027531471657373241
 0.014833535390761876
 0.027083485934117524
 0.033996704464329661
 0.035573190981398273
 0.031812945485323312
 0.023988113029607065
 0.015166116949809868
 0.0054823243351845618
 -0.0050632648142688273
 -0.016470650498550315
 -0.02807484984588416
 -0.034645394012975533
 -0.035064856363438701
 -0.029333236897273657
 -0.017450535614480383
 0.00050019154875788341
 0.017190468016391125
 0.027883735220866755
 0.032579993162184809
 0.031279241840345293
 0.023981481255348172
 0.012797923286163958
 0.0021069469402355597
 -0.0079568179054493732
 -0.017393371250890848
 -0.026202713096088872
 -0.033858431007831272
 -0.036932915013887554
 -0.034807562663789426
 -0.027482373957536832
 -0.01495734889512982
 0.0026206569415256377
 0.01807921693214325
 0.027447356141986744
 0.030725074571056114
 0.027912372219351351
 0.01900924908687247
 0.006638774696075659
 -0.0045267552806825331
 -0.014396003906435161
 -0.022968971181182206
 -0.030245657104923693
 -0.035767793601375629
 -0.037035677454907351
 -0.033671739156987637
 -0.02567597870761652
 -0.013048396106793998
 0.0039858440451579873
 0.018362927424107327
 0.026723218130825763
 0.029066716165313311
 0.025393421527569945
 0.015703334217595698
 0.0030320139254502651
 -0.0079904327670695281
 -0.017314834810438735
 -0.024941192204657361
 -0.030869504949725433
 -0.034710832466939144
 -0.034671638496834994
 -0.030527941313867137
 -0.022279740918035609
 -0.0099270373093404037
 0.0062186181933946462
 0.019303096576046494
 0.026522435969201473
 0.027876636372859569
 0.023365697787020783
 0.012989620211685119
 0.00022104546709932407
 -0.010426327464921293
 -0.018933690962966883
 -0.025301045027037478
 -0.029528389657133048
 -0.031380329560693677
 -0.029932889309582322
 -0.025092171612583893
 -0.016858176469698401
