# Created by Octave 4.4.1, Tue Mar 05 17:49:49 2019 PST <petersson1@chebyshev.llnl.gov>
# name: tdt
# type: matrix
# rows: 1320
# columns: 1
 0
 0.11372251705837756
 0.22744503411675512
 0.3411675511751327
 0.45489006823351025
 0.56861258529188785
 0.6823351023502654
 0.79605761940864295
 0.90978013646702049
 1.0235026535253982
 1.1372251705837757
 1.2509476876421532
 1.3646702047005308
 1.4783927217589083
 1.5921152388172859
 1.7058377558756634
 1.819560272934041
 1.9332827899924185
 2.0470053070507963
 2.1607278241091739
 2.2744503411675514
 2.388172858225929
 2.5018953752843065
 2.615617892342684
 2.7293404094010616
 2.8430629264594391
 2.9567854435178167
 3.0705079605761942
 3.1842304776345718
 3.2979529946929493
 3.4116755117513269
 3.5253980288097044
 3.639120545868082
 3.7528430629264595
 3.8665655799848371
 3.9802880970432146
 4.0940106141015926
 4.2077331311599702
 4.3214556482183477
 4.4351781652767253
 4.5489006823351028
 4.6626231993934804
 4.7763457164518579
 4.8900682335102355
 5.003790750568613
 5.1175132676269905
 5.2312357846853681
 5.3449583017437456
 5.4586808188021232
 5.5724033358605007
 5.6861258529188783
 5.7998483699772558
 5.9135708870356334
 6.0272934040940109
 6.1410159211523885
 6.254738438210766
 6.3684609552691436
 6.4821834723275211
 6.5959059893858987
 6.7096285064442762
 6.8233510235026538
 6.9370735405610313
 7.0507960576194089
 7.1645185746777864
 7.278241091736164
 7.3919636087945415
 7.5056861258529191
 7.6194086429112966
 7.7331311599696742
 7.8468536770280517
 7.9605761940864292
 8.0742987111448077
 8.1880212282031852
 8.3017437452615628
 8.4154662623199403
 8.5291887793783179
 8.6429112964366954
 8.756633813495073
 8.8703563305534505
 8.9840788476118281
 9.0978013646702056
 9.2115238817285832
 9.3252463987869607
 9.4389689158453383
 9.5526914329037158
 9.6664139499620934
 9.7801364670204709
 9.8938589840788485
 10.007581501137226
 10.121304018195604
 10.235026535253981
 10.348749052312359
 10.462471569370736
 10.576194086429114
 10.689916603487491
 10.803639120545869
 10.917361637604246
 11.031084154662624
 11.144806671721001
 11.258529188779379
 11.372251705837757
 11.485974222896134
 11.599696739954512
 11.713419257012889
 11.827141774071267
 11.940864291129644
 12.054586808188022
 12.168309325246399
 12.282031842304777
 12.395754359363155
 12.509476876421532
 12.62319939347991
 12.736921910538287
 12.850644427596665
 12.964366944655042
 13.07808946171342
 13.191811978771797
 13.305534495830175
 13.419257012888552
 13.53297952994693
 13.646702047005308
 13.760424564063685
 13.874147081122063
 13.98786959818044
 14.101592115238818
 14.215314632297195
 14.329037149355573
 14.44275966641395
 14.556482183472328
 14.670204700530705
 14.783927217589083
 14.897649734647461
 15.011372251705838
 15.125094768764216
 15.238817285822593
 15.352539802880971
 15.466262319939348
 15.579984836997726
 15.693707354056103
 15.807429871114481
 15.921152388172858
 16.034874905231238
 16.148597422289615
 16.262319939347993
 16.37604245640637
 16.489764973464748
 16.603487490523126
 16.717210007581503
 16.830932524639881
 16.944655041698258
 17.058377558756636
 17.172100075815013
 17.285822592873391
 17.399545109931768
 17.513267626990146
 17.626990144048523
 17.740712661106901
 17.854435178165279
 17.968157695223656
 18.081880212282034
 18.195602729340411
 18.309325246398789
 18.423047763457166
 18.536770280515544
 18.650492797573921
 18.764215314632299
 18.877937831690677
 18.991660348749054
 19.105382865807432
 19.219105382865809
 19.332827899924187
 19.446550416982564
 19.560272934040942
 19.673995451099319
 19.787717968157697
 19.901440485216074
 20.015163002274452
 20.12888551933283
 20.242608036391207
 20.356330553449585
 20.470053070507962
 20.58377558756634
 20.697498104624717
 20.811220621683095
 20.924943138741472
 21.03866565579985
 21.152388172858227
 21.266110689916605
 21.379833206974983
 21.49355572403336
 21.607278241091738
 21.721000758150115
 21.834723275208493
 21.94844579226687
 22.062168309325248
 22.175890826383625
 22.289613343442003
 22.403335860500381
 22.517058377558758
 22.630780894617136
 22.744503411675513
 22.858225928733891
 22.971948445792268
 23.085670962850646
 23.199393479909023
 23.313115996967401
 23.426838514025778
 23.540561031084156
 23.654283548142534
 23.768006065200911
 23.881728582259289
 23.995451099317666
 24.109173616376044
 24.222896133434421
 24.336618650492799
 24.450341167551176
 24.564063684609554
 24.677786201667931
 24.791508718726309
 24.905231235784687
 25.018953752843064
 25.132676269901442
 25.246398786959819
 25.360121304018197
 25.473843821076574
 25.587566338134952
 25.701288855193329
 25.815011372251707
 25.928733889310084
 26.042456406368462
 26.15617892342684
 26.269901440485217
 26.383623957543595
 26.497346474601972
 26.61106899166035
 26.724791508718727
 26.838514025777105
 26.952236542835482
 27.06595905989386
 27.179681576952238
 27.293404094010615
 27.407126611068993
 27.52084912812737
 27.634571645185748
 27.748294162244125
 27.862016679302503
 27.97573919636088
 28.089461713419258
 28.203184230477635
 28.316906747536013
 28.430629264594391
 28.544351781652768
 28.658074298711146
 28.771796815769523
 28.885519332827901
 28.999241849886278
 29.112964366944656
 29.226686884003033
 29.340409401061411
 29.454131918119788
 29.567854435178166
 29.681576952236544
 29.795299469294921
 29.909021986353299
 30.022744503411676
 30.136467020470054
 30.250189537528431
 30.363912054586809
 30.477634571645186
 30.591357088703564
 30.705079605761942
 30.818802122820319
 30.932524639878697
 31.046247156937074
 31.159969673995452
 31.273692191053829
 31.387414708112207
 31.501137225170584
 31.614859742228962
 31.728582259287339
 31.842304776345717
 31.956027293404095
 32.069749810462476
 32.183472327520853
 32.297194844579231
 32.410917361637608
 32.524639878695986
 32.638362395754363
 32.752084912812741
 32.865807429871118
 32.979529946929496
 33.093252463987874
 33.206974981046251
 33.320697498104629
 33.434420015163006
 33.548142532221384
 33.661865049279761
 33.775587566338139
 33.889310083396516
 34.003032600454894
 34.116755117513272
 34.230477634571649
 34.344200151630027
 34.457922668688404
 34.571645185746782
 34.685367702805159
 34.799090219863537
 34.912812736921914
 35.026535253980292
 35.140257771038669
 35.253980288097047
 35.367702805155425
 35.481425322213802
 35.59514783927218
 35.708870356330557
 35.822592873388935
 35.936315390447312
 36.05003790750569
 36.163760424564067
 36.277482941622445
 36.391205458680822
 36.5049279757392
 36.618650492797578
 36.732373009855955
 36.846095526914333
 36.95981804397271
 37.073540561031088
 37.187263078089465
 37.300985595147843
 37.41470811220622
 37.528430629264598
 37.642153146322975
 37.755875663381353
 37.869598180439731
 37.983320697498108
 38.097043214556486
 38.210765731614863
 38.324488248673241
 38.438210765731618
 38.551933282789996
 38.665655799848373
 38.779378316906751
 38.893100833965129
 39.006823351023506
 39.120545868081884
 39.234268385140261
 39.347990902198639
 39.461713419257016
 39.575435936315394
 39.689158453373771
 39.802880970432149
 39.916603487490526
 40.030326004548904
 40.144048521607282
 40.257771038665659
 40.371493555724037
 40.485216072782414
 40.598938589840792
 40.712661106899169
 40.826383623957547
 40.940106141015924
 41.053828658074302
 41.167551175132679
 41.281273692191057
 41.394996209249435
 41.508718726307812
 41.62244124336619
 41.736163760424567
 41.849886277482945
 41.963608794541322
 42.0773313115997
 42.191053828658077
 42.304776345716455
 42.418498862774833
 42.53222137983321
 42.645943896891588
 42.759666413949965
 42.873388931008343
 42.98711144806672
 43.100833965125098
 43.214556482183475
 43.328278999241853
 43.44200151630023
 43.555724033358608
 43.669446550416986
 43.783169067475363
 43.896891584533741
 44.010614101592118
 44.124336618650496
 44.238059135708873
 44.351781652767251
 44.465504169825628
 44.579226686884006
 44.692949203942383
 44.806671721000761
