nlevels = 2, 2, 2, 2, 2
nessential= 2, 2, 2, 2, 2
ntime = 53542
dt = 0.028015389787456577
transfreq = 5.18, 5.12, 5.06, 5.0, 4.96
rotfreq= 5.064, 5.064, 5.064, 5.064, 5.064
selfkerr = 0.34, 0.34, 0.34, 0.34, 0.34
crosskerr= 0.0
Jkl= 0.005, 0.0, 0.0, 0.0, 0.005, 0.0, 0.0, 0.005, 0.0, 0.005
collapse_type=none
initialcondition=basis
control_segments0 = spline, 100
control_initialization0 = file, ./pcof_init.dat
control_bounds0 = 0.6283185307179586
carrier_frequency0 = 0.056001433700105775, 0.1164152315073022, 
control_segments1 = spline, 100
control_initialization1 = file, ./pcof_init.dat
control_bounds1 = 0.6283185307179586
carrier_frequency1 = -0.003999712457907295, 0.056001433700105775, 0.1164152315073022, 
control_segments2 = spline, 100
control_initialization2 = file, ./pcof_init.dat
control_bounds2 = 0.6283185307179586
carrier_frequency2 = -0.06379768743637287, -0.003999712457907295, 0.056001433700105775, 
control_segments3 = spline, 100
control_initialization3 = file, ./pcof_init.dat
control_bounds3 = 0.6283185307179586
carrier_frequency3 = -0.10461926531312817, -0.06379768743637287, -0.003999712457907295, 
control_segments4 = spline, 100
control_initialization4 = file, ./pcof_init.dat
control_bounds4 = 0.6283185307179586
carrier_frequency4 = -0.10461926531312817, -0.06379768743637287, 
optim_target = gate, fromfile, targetgate.dat
optim_objective = Jtrace
gate_rot_freq = 0.0
optim_weights= 1.0
optim_atol= 1e-7
optim_rtol= 1e-8
optim_ftol= 0.001
optim_inftol= 0.001
optim_maxiter= 100
optim_regul= 7.692307692307692e-6
optim_penalty= 1.0
optim_penalty_param= 0.0
optim_leakage_weights= 0.0, 0.0, 0.0, 0.0, 0.0, 0.0, 0.0, 0.0, 0.0, 0.0, 0.0, 0.0, 0.0, 0.0, 0.0, 0.0, 0.0, 0.0, 0.0, 0.0, 0.0, 0.0, 0.0, 0.0, 0.0, 0.0, 0.0, 0.0, 0.0, 0.0, 0.0, 0.0
optim_regul_dpdm= 0.0
optim_penalty_energy= 0.0
datadir= ./data_out
output0=expectedEnergy, population, fullstate
output1=expectedEnergy, population, fullstate
output2=expectedEnergy, population, fullstate
output3=expectedEnergy, population, fullstate
output4=expectedEnergy, population, fullstate
output_frequency = 53542
optim_monitor_frequency = 1
runtype = optimization
usematfree = true
linearsolver_type = gmres
linearsolver_maxiter = 20
np_init = 32
