nlevels = 2, 2
nessential= 2, 2
ntime = 5758
dt = 0.15630427231677665
transfreq = 4.94, 5.0
rotfreq= 4.970000000000001, 4.970000000000001
selfkerr = 0.0, 0.0
crosskerr= 0.0
Jkl= 0.005
collapse_type = none
initialcondition = basis
control_segments0 = spline, 92
control_initialization0 = random, 0.022214414690791832
control_bounds0 = 1000000000000.0
carrier_frequency0 = 0.030413812651490464, -0.030413812651491352, 
control_segments1 = spline, 92
control_initialization1 = random, 0.022214414690791832
control_bounds1 = 1000000000000.0
carrier_frequency1 = 0.030413812651490464, -0.030413812651491352, 
control_enforceBC = False
optim_target = gate, qft
optim_objective = Jtrace
gate_rot_freq = 0.0
optim_weights= 1.0
optim_atol= 1e-4
optim_rtol= 1e-4
optim_ftol= 0.0001
optim_inftol= 1e-05
optim_maxiter= 100
optim_regul= 0.0001
optim_regul_interpolate= False
optim_penalty= 0.1
optim_penalty_param= 0.0
optim_penalty_dpdm= 0.01
optim_penalty_energy= 0.1
datadir= ./QFT2_data
output0= expectedEnergy
output1= expectedEnergy
output_frequency = 1
optim_monitor_frequency = 1
runtype = optimization
usematfree = True
linearsolver_type = gmres
linearsolver_maxiter = 20
timestepper = IMR
rand_seed = 1234
